INDEX.

12212212211221 0211222, 240.

12212212211221 02211, 278.

my, 1111211122 of, 22-29.

Equity, 181, 221, 236, 236, 242, 249.
8221212221122ς 21221112 Introduc·
tion.

Errantes 3221121211, 69, 214.

1222112173, 255.

1222122, 167, 213, 240.

1111112222. 822 Β21112; Chartam
compurgatiom Doomsday Book;
1222121222, 02111; Ordea13 wit·
222222.

1121122221, a court 2111111121 common
pleae, 99, 100, 127. 12122112, 140-
142, 236, 268-278.

1122111122,11111212 tho 221212 of, 19,
22, 32, 21, 22, 111, 121, 122, 122,
130137, 138, 148, 162.

12112, 87.

12122 Appeal, 271.

111122 Ι2121122212221, 272, 273.

12122 Judgmonb, 10, 20, 34, 212 (1).

12122 1122, 277.

12122 11111, 301.

122111, 216.

11222. 822 62222162.

1112. 822 010221.

1121121122, 90, 266.

1112811212, first 21212121 London,
263.

12121811 1121222212, 37, 67.

121221 Laws, 72, 173.

Forgery, 177, 269, 301.

1122211222, passim.

Frankalmoign‚ 122112 held 12, 91, 93,
128, 130.

haud, 131.

1113111122, 13, 94, 95, 220, 268.

121 manifestus, 200.

(11221111, 1122211 do, pmsecution by,
233. 11111221, 241, 242, 314-319.

Homago, 20.
Homicide, 8, 140, 238.

ῑ Hospitium, right os, 279.

Home-breaking, 260.
Η22 and Gry. 274, 276.
Hustings 021111, 261.

Injunction, 111112 12 1112 221212 of, 27,
28, 30, 32, 63, 64, 90, 91, 96, 105,
129,148(7), 1496), 159, 163 (7),

166, 242.

122111211122, 1, 9, 24, 28, 33, 37-61, 66,
71, 73, 120,121,139, 147, 160, 199,
203, 216, 217, 219, 229, 238, 268, 259,
261, 271-276, 279, 284-286, 288.

1222212222 01211212, 222.

12122111212. 822 1111217 21 821212.
1122. 8220121221.

J 222, 277, 279.

1211212221, impeachment 211020-
22, 34,199. 112222 2112121122111211,
18, 113, 116, 285.

32226121122, 84, 224, 238, 217, 278,
283.

J 2211212111 2111111122, 69, 244.

King, 1112, participation 21 12111212,
14, 29, 63, 133136, 136, 146168,
212, 214, 221. 12221120 12 11211221,
304, 305.

King's 11162222 (by probator), 269.

12121112221222121121, 76, 76, 78.

121211821112212. 822121126121122.

11221212 (2211116121), 31.

1122222, of 12111 to 21122212, 176, 182.

Limitation, 33, 169, 170, 201, 207, 235,
256, 257.

Livery of 821212, 70, 160, 294, 296,
297, 299, 303.

London, litigation 111111 21112222 os, 62.

11121112ςί221, 234, 274.

1112111212, 32, 125,132, 198.

1121τί222 and Divoroo, 311.

11211126 1121222, 221212 os, 48.

112222 1121112, 169, 170.
1111125262122112, 169, 232, 251,262.

 

