lx 10001 0101100.

1101110100 01101111. Το1111010, 57.
—-—--—— 0. 11000, 50.
--—-— 101111οο1, 58.
Asa, 100110 01, 13.

1000110 0. 1100110 01 81. 10111011, 160.
1110110101 0. officere of 1110 11103, 30.

Βο1001110.11011011, 800 01 0., 304.

0011101, Hugh, 270.

Βο111030, 1101011, 141.

Βο0101, Thomas 1, 211, 213, 216.

1100011101, the Jew, 277.

Borkley 110001, 39.

neuram, Drogo de, 0111101, 59.

Β1301, 110301, 303.

111301,11111011 0011 1101101, 230.

11101100 01 Bayeux. 8000110, 1110110001.

Bishop of 11011010 0. 0011000 01
Βο01011,50.

-----·1·. Eudo, 56.

-----0. 01111011 110
0001156.

------ v. Robert 110101,
13

Β10100’0 and 1110100110 00000, 11.

11101010, 269.

Βο111101100. See 1100110 01 Βο111101100.

110011 0. 1111110111 de 1101100, 52.

000000 01 81110111001110 King, 159.

00000001 81. 11010, 310.

0001010οη. 800 1111110101 8110311.
11001 Archbishop 01 0001010010,
Men 01 (100101001ος 111110 01 000101-
bury; 1100110 01 001110111οη.

0011010101 1111031100 v. 1100101· 010
811111, 102.

00110101010000 0. Βο11011110, 181.

01100101, Bishop 01, 301.

01111000, 1111010110, 275.

0110101 and Aqueduot 01 8001100111,

01101011 and 1000 10 0100100, 41.

01101011 01 1111030011, 113.

-—--——- v. 111111001, 130.

01101011 01 my 0. odo, 301.

01101011 01 1100100101, 90.

0110101101 81. 11011100, 165.

0110101101 81. 1031101100, 148.

0110101101 81. Βο001, 12.

0110101101 81. 11013, 36, 105, 293

-——-- 0. 11011011, 300.

-—-—— 0. 1111011001011·
chet, 91.

0110101101 81. Ρο101, 74, 1113.

-——— 0. 11110129.

0110101101 101110. 0110101101 0100000·
1011180.

01010, 11011 01, 0. 11111101 0181. 1111-
1011011230.

00010010 01 1010130 1101010010, 37.

110011 01110110, 272.

111030 0. 0101011 01 81. John, 64.
— 0. wido, 60.

111030 do Bonrere'u 010101, 59.
11010011, 231.

11011 0101010 0. 11111101 01 st. 1111100011,
230.

1111110, 0 11000100, 906.

13111110 0. 111111010, 1.

11111100, Brother 010110, 296.

Ely, 01101011 01, v. Odo, 301.

1115, Lauda 0011 Libertina 01, 22, 10.

1100000111 v. Fan'tius, 131.

1111111100. 0011010 de 11010, 53.

Fal-dono, 11011011, 306.
101111001111101, 91, 95, 103, 109.
—- 0. md, 96.
--- 0. 1110111101, 101.
—— — 0. 11311010, 131.
---- 0. (100101, 102.
-—— 0. (1011110, 91.
--- 0. 00000110, 76.
--—-—— 0. 00100110 de 111ρο110,
92. ’
---- 0. Hugh, 110, 121
——- 0. Jordan 110 8001111110,
--- 0.1100011111011010,98.
——— 0. Mon 01 8100100, 89.
——· 0. Men 01 801100, 101.

 

