328

Misericordia Regis, 212, 226, 244, 245,
274, 301. 8558555555555155550·
inge, 140-142, 268-278.

11151555158, 10.

Mertguge, 58, 298, 299. 855 Pledge.

115515515 15 11551.

Nerwuy 1155515515, plunder 51, 67.

115151 1115551515, 55115 15 the nature 51,
99, 108,128, 130, 169, 170, 197, 250.

Nuneuputive 11111139. 855 51555 115.

05111, compurgetery, 35, 38.

Omni Lege, prees, 41.

Omnibus Legibus, prees, 44, 306.

Omni Mede, proof, 365.

0511551, 30, 36, 38, 40, 41, 42, 43, 61,
72, 196, 231, 268, 272, 275, 304, 305,

effi, 10, 82, 55, 555.

Pom. witness 51, 53.

Peliury, 34, 199.

pledge, 33, 60, 61, 88,131, 140, 238,
283, 296, 299.

Pepe, uppeule 15, 214, 240, 248, 313.

Ρ555555155, write 51, 255, 309.

Proscriptum 556 1151151155, 70, 169,
170, 204, 207, 235, 256, 257.

Primegeniture, 230. ’

15515155, 269.

Ρ55151511155, 241.

Ρ5551ι555, writer 551155 by, 140, 141,
167.

’1)5555551555, 8.

Queeu, The, 55115 of, 33, 100, 137.

Rupe, 247.

1151155, 155555] 51, 231.

Repleviu, 131.

1151551111, 271, 274, 277.

night, 55115 15 nature 51 5511 51, 137,
146, 198, 210, 217.

Ripariun Rightu, 62, 68.

11101111.

Sele-werke, 266.

8551, 1115551 the confessor'e, 39, 54
Not 15 general 555 51 time of Gon·
quent, 177. 855 11511556 8551.

85551111, 55 to judgmeut, 238.

851515, Livery 51, 70, 150, 294, 296,
557, 599, aee.

81551115, removal 51, 216.

815155, euntem 55 15, 102, 103, 201.

85555555, 4, 213, 261, 273.

Γ115511, 260, 306.

Ι1111555, 162. 310.

1555555, 11, 12, 39, 69, 94, 210, 283,
291, 307 .

15555555, 5511515 1115551555 51, 89, 93,
98, 101, 102, 127, 166, 188, 238, 269,
275, 285.

’15155115 Nouensiles, 55 1515111855, 28

Ultima Ρ5555515115, 245.

955155 inspiciendo, 276.

115555, change 51, 271.

Vexillum 15 War, 281.

Vivus 51 Mortuus, 24, 25, 26, 37, 56,
61, 51 passim.

1155515515 11555551, 298, 801, 302,
304 (the king veuehed), 305 (the
king), 306.

Wuger 51 1151115. 855 851115.

Weger 51155. See compurgatien.

Wurruuty, 218, 271, 275, 298, 301, 302,
304-306.

Weber. 8550551551,

Wutereeurse‚ 253.

will, nuncupative, 39.

mmmeffiQQffiQ
116, 128128, 135, 148, 151, 180,
182, 181, 186, 187, 191-196, 139.

1155515116, 143.

17511550 8551, 39, 55, 294, 296-301,
303.

111115, their development. See 115

1 Introduction.

0111111111 AND nlvulelou, numus, 81. Joux's 80041111, LONDON.

 

